2,5 0,1 0,1 2,1 0,05 0,38 0,1
panoramicWindow -7,07 6,07 0 5
wall -4,355 8,76 90 5,81
wall -6,07 3,38 90 2,38
wall -2,48 3,38 90 1,2
wall -5,07 1,69 0 3
wall -2,605 0 90 5,31
wall -1,69 2,38 0 4,38
wall 1,725 0 90 1,55
wall 2,69 1,1145 0 2,61
wall -0,725 4,38 90 1,55
wall 1,725 4,38 90 1,55
wall 2,69 4,6235 0 2,61
wall 2,69 7,6991 0 1,74
wall -1,69 9,95 0 2
wall 0 11,14 90 3,76
wall -0,31 9,95 0 2
wall -0,05 8,76 90 1
wall 2,115 8,76 90 1,53
wall 2,07 10,14 0 2,38
door 0,5 0 90 0,9
door 0,5 4,38 90 0,9
door -1 8,76 90 0,9
door 0,9 8,76 90 0,9
window 2,69 6,3781 0 0,9
window 2,69 2,869 0 0,9
opening -3,98 3,38 90 1,8
floor -4,38 6,07 5 5
floor -3,38 1,69 3 3
floor 0,5 2,19 4 4
floor 0,31 6,57 4 4,38
floor 0,88 9,95 2 2
floor -1 9,95 2 1
