2,5 0,1 0,1 2,1 0,05 0,38 0,1
panoramicWindow -7,07 6,07 0 5
wall -5,07 1,69 0 3
wall -1,69 2,38 0 4,38
wall -0,725 4,38 90 1,55
wall 1,725 4,38 90 1,55
wall -1,69 9,95 0 2
wall -0,31 9,95 0 2
wall 2,07 10,14 0 2,38
wall 0 11,14 90 3,76
wall -0,05 8,76 90 1
wall -6,07 3,38 90 2,38
wall 2,69 3,319 0 7,02
wall -2,48 3,38 90 1,2
wall 1,725 0 90 1,55
wall -1,45 0 90 3
wall -4,555 0 90 1,41
wall 7,07 7,254 0 2,63
wall 3,76 6,638 90 1,76
wall 6,21 6,638 90 1,34
wall 7,07 4,938 0 0,4
wall 7,07 3,474 0 0,928
wall 4,88 3,2 90 4
wall 2,995 8,76 90 3,29
wall 2,07 11,64 0 0,62
wall 2,65 12,14 90 1,54
wall 4,62 12,14 90 0,8
wall 6,54 12,14 90 1,44
wall 7,07 10,45 0 3
wall -4,355 8,76 90 5,81
wall 6,4 8,76 90 1,72
door 0,5 0 90 0,9
door 0,5 4,38 90 0,9
door -1 8,76 90 0,9
door 0,9 8,76 90 0,9
door 5,09 6,638 90 0,9
door 5,09 8,76 90 0,9
window -3,4 0 90 0,9
window 7,07 5,538 0 0,8
window 7,07 4,338 0 0,8
window 3,82 12,14 90 0,8
window 5,42 12,14 90 0,8
opening -3,98 3,38 90 1,8
opening 2,69 7,699 0 1,74
floor -4,38 6,07 5 5
floor -3,38 1,69 3 3
floor 0,5 2,19 4 4
floor 0,31 6,57 4 4,38
floor 0,88 9,95 2 2
floor -1 9,95 2 1
floor 4,88 4,919 3,06 4
floor 4,88 7,699 1,74 4
floor 4,57 10,45 3 4,62